-0.38547
-0.46350
-0.33654
-0.03717
0.05779
-0.20425
-0.09042
-0.07201
-0.14882
-0.14156
-0.37598
0.56420
0.53864
0.20838
0.23148
0.11010
0.44917
0.34916
0.35019
0.16285
0.06266
0.37909
0.15805
0.43641
0.05213
0.55260
0.34116
0.33420
0.32130
0.68046
0.27773
0.50689
0.72020
0.53153
0.49640
0.68799
0.44061
1.14053
0.58324
0.23521
0.52710
1.04280
0.74604
0.87278
0.48817
1.05407
0.92977
0.80557
0.97366
0.62818
0.81007
0.86024
0.83767
0.65371
1.14523
0.60254
0.97744
0.67872
1.11179
0.88093
0.97645
1.05008
1.02905
0.92409
0.68973
0.98094
1.18670
0.70902
0.76316
0.48074
0.95910
0.86867
0.84684
0.62147
1.02123
0.85102
0.91065
0.59256
0.91225
0.67949
0.30547
0.76793
0.35088
0.67932
0.55886
0.48543
0.57331
0.44168
0.73759
0.33532
0.16764
0.28237
0.24364
0.21120
0.18434
-0.05916
0.26661
0.51829
-0.07513
0.66114
-0.01565
-0.01274
0.04398
0.07970
0.26355
0.15848
0.22871
0.19734
0.00514
-0.11774
0.28114
0.16230
-0.09043
0.05248
-0.06563
-0.13048
0.23069
0.25883
-0.68573
-0.51626
-0.08842
-0.37994
-0.61728
-0.28376
-0.07412
-0.17451
-0.44035
-0.15274
-0.52263
-0.26834
-0.46761
-0.44261
-0.53582
-0.30658
-0.68826
-0.70676
-0.42951
-0.59739
-0.71705
-0.64098
-0.36934
-0.82016
-0.91608
-0.75505
-0.79755
-0.44552
-0.84815
-0.58359
-0.87528
-0.64938
-0.33027
-0.85966
-0.60706
-0.75056
-0.66390
-0.80509
-0.97028
-0.76606
-0.38170
-0.80626
-0.91688
-0.88309
-1.01622
-0.89758
-0.83569
-0.50966
-0.99914
-0.77512
-0.74488
-0.42524
-0.81599
-0.58785
-0.59163
-0.66209
-0.40327
-0.17112
-0.46592
-0.57665
-0.42736
-0.52590
-0.37577
-0.31966
-0.02466
-0.36764
-0.41150
-0.37616
-0.25647
-0.62864
-0.34458
-0.39026
-0.47154
-0.36576
-0.08225
-0.51915
-0.35038
-0.54686
-0.23185
-0.08891
-0.22493
-0.03221
-0.03242
-0.25607
0.17531
-0.17674
-0.05065
0.03389
-0.04064
-0.38401
0.18831
-0.19946
-0.14301
0.04810
-0.00627
0.20229
0.68475
0.30473
0.06223
0.04863
0.20717
0.13135
0.09120
0.40880
0.18213
0.44049
0.05192
0.61892
0.68819
0.27305
0.41704
0.42145
0.35496
0.31991
0.41859
0.50355
0.61139
0.08950
0.18737
0.61509
0.52528
0.83956
0.36956
0.29450
0.52123
0.55002
0.15470
1.03035
0.56052
0.78338
0.14043
0.35520
0.63802
0.23388
0.60222
0.08588
0.69143
0.34610
0.32028
0.31153
0.51409
0.85824
0.57179
0.45979
0.64593
0.61663
0.54248
0.17634
0.53807
0.51510
0.06959
0.43858
0.82692
0.37494
0.63627
0.52349
0.59231
0.35889
0.48952
0.30045
0.39917
0.28856
-0.27372
0.12518
0.34626
0.49535
0.06979
0.39548
-0.00125
0.27869
0.12283
0.55726
0.18505
-0.04321
0.00951
-0.10995
0.20041
0.24971
-0.17367
0.22404
0.48204
-0.25951
-0.23847
-0.06553
0.08207
-0.56448
-0.04259
0.04238
-0.10639
0.08207
-0.27685
0.06283
-0.30192
-0.00333
0.25288
-0.11701
-0.15223
0.03520
-0.48907
-0.25695
-0.21499
0.05701
0.05907
-0.60718
-0.17667
-0.02588
-0.55382
-0.16696
-0.03650
-0.02501
-0.22912
-0.40677
-0.32605
-0.63952
-0.04747
0.01648
-0.15946
0.00851
-0.46583
-0.19617
-0.01572
-0.24423
-0.17984
-0.24426
-0.17434
-0.32942
-0.24821
-0.60547
-0.31155
-0.27360
-0.39414
-0.12314
-0.00914
-0.73967
-0.22550
-0.23566
-0.59800
-0.18103
-0.15376
-0.26736
-0.11832
-0.06805
0.18912
-0.08420
-0.55473
-0.40797
-0.78154
-0.16756
-0.44759
-0.10241
-0.60733
-0.51768
0.19389
-0.27315
-0.35793
-0.11325
-0.27857
-0.03281
-0.15459
-0.34410
-0.02926
0.02154
-0.48407
-0.30520
-0.15815
-0.35367
-0.11860
0.02271
-0.07553
-0.10526
-0.11337
-0.05857
0.03687
-0.30831
-0.08840
0.26376
-0.52885
-0.34788
-0.06756
0.19746
0.08493
0.12154
0.05953
-0.02705
-0.07302
0.11843
-0.20080
-0.48657
-0.17397
-0.13245
0.22985
0.17853
0.30082
0.17958
0.05994
0.20787
-0.25472
-0.09330
-0.00192
0.04137
0.06769
0.17463
0.19674
-0.11159
-0.04127
0.07426
0.12388
-0.13679
0.09732
-0.12761
0.10686
0.66921
0.00507
0.05723
0.18221
0.03113
-0.14563
0.18011
0.22465
0.02086
-0.01257
0.09404
0.33708
-0.03445
0.11234
0.11041
0.42175
0.36545
-0.08474
-0.12867
0.20637
0.11041
-0.16237
-0.04332
-0.19220
0.15721
0.08519
0.05971
-0.03952
0.24142
0.25781
0.02847
0.03413
0.36299
0.03922
0.20442
0.05189
0.06417
0.07935
0.11635
0.08576
-0.02570
0.14027
0.17182
0.30190
0.07830
0.09490
-0.11279
-0.17916
-0.28440
-0.01703
0.20874
-0.24014
-0.29070
0.04722
0.03442
-0.04886
0.28947
0.25882
0.03503
-0.22168
0.05894
0.47673
0.38141
0.22178
-0.38898
-0.06999
-0.04634
0.27628
0.41234
0.18413
0.11303
0.15093
-0.05621
-0.06717
-0.08230
0.02034
0.07053
-0.02322
0.23517
-0.02906
0.16445
-0.33855
0.34779
0.05339
-0.02611
0.07516
0.34716
-0.22448
-0.00392
-0.01506
-0.14987
0.34929
-0.18067
0.10296
-0.03850
-0.00821
-0.02010
-0.05053
0.03856
0.19093
-0.11102
0.08232
0.32946
0.01650
-0.38282
0.29716
-0.27845
0.08541
-0.03725
-0.08903
0.07391
-0.09312
0.35525
0.33705
0.05611
-0.12484
0.21939
-0.00904
0.08400
-0.05849
0.42538
0.05942
0.24012
-0.43772
0.33749
-0.03420
0.22723
0.27811
0.14096
0.00083
0.02633
0.10451
0.28638
0.01656
-0.09122
0.28042
0.12595
-0.17501
0.45999
0.34050
0.21323
0.46598
0.08984
0.02201
0.24103
-0.12837
-0.08709
0.43358
0.19718
-0.05137
0.00353
0.06087
0.07658
0.13142
0.28151
-0.05266
0.12291
0.20909
0.21993
-0.04511
-0.03835
0.10386
-0.01573
0.05532
-0.04157
-0.00594
0.12903
0.14838
-0.18214
0.01852
0.07921
-0.35496
-0.11283
-0.23597
-0.19579
-0.12864
0.04781
-0.34093
0.00471
0.11800
-0.13165
-0.12508
-0.16626
-0.22731
0.07019
0.01673
0.12864
0.14445
0.13560
0.00617
-0.44446
-0.01995
-0.42714
-0.06129
-0.22716
-0.57039
-0.03224
-0.17558
-0.07626
-0.26710
0.10546
0.00999
-0.07209
-0.12283
-0.28063
-0.32643
0.26539
0.14772
-0.29809
-0.04452
-0.06694
-0.41493
-0.29928
-0.38886
-0.33469
-0.04231
-0.23820
-0.18659
-0.37042
-0.18031
-0.31395
-0.06883
-0.53738
-0.30642
-0.06346
-0.46921
-0.42496
-0.52428
-0.27889
-0.56903
-0.35080
-0.20816
-0.49246
-0.62744
0.06973
-0.28513
-0.05638
-0.30677
0.22661
-0.42830
-0.25756
-0.42979
-0.20980
-0.36711
-0.45417
-0.57963
-0.20652
-0.18327
-0.36746
-0.35515
0.14783
-0.26522
-0.47352
0.30465
-0.17710
-0.17861
-0.19085
-0.37952
-0.28156
-0.23639
-0.15165
-0.26779
-0.10944
-0.26275
0.09270
0.28065
0.09860
0.53778
-0.38319
0.27467
-0.02686
0.34844
0.13791
-0.02949
0.49638
0.00890
0.24116
0.41100
0.28379
0.20454
0.07317
0.20076
0.21602
0.32661
0.64464
0.32547
0.09030
0.00867
0.40092
0.11016
0.52810
0.25612
0.85172
0.72854
0.34347
0.48244
0.07932
0.65237
0.30203
0.38629
0.20403
0.09370
0.60205
0.62141
0.47803
0.48252
0.35175
0.70251
0.34748
0.78016
0.45132
0.56418
0.35371
0.60801
-0.03063
0.50956
0.68625
0.32506
0.38267
0.40936
0.53360
0.49865
0.77043
0.52285
0.36752
0.21036
0.23801
0.53141
0.26563
0.28404
0.41928
0.84793
0.64076
0.41453
0.46101
0.46625
0.36818
0.83570
0.33137
0.47599
0.59255
0.37375
0.31759
0.36886
0.40364
0.48167
0.36652
0.27948
0.43880
0.54364
0.35057
0.24606
0.12121
0.60745
0.15490
-0.39575
0.30567
-0.18129
0.16162
-0.10505
0.06744
-0.03643
-0.21412
0.15445
0.13330
0.03732
0.30059
-0.07636
0.23512
-0.00616
-0.02820
-0.21865
0.10173
-0.06545
-0.21006
-0.21666
-0.51279
-0.31164
-0.09989
-0.24401
-0.18737
-0.46434
-0.33731
-0.44352
-0.39968
-0.45455
-0.23102
-0.58026
-0.47440
-0.60693
-0.84898
-0.73431
-0.49481
-0.17885
-0.28318
-0.57342
-0.11644
-0.45280
-0.78018
-0.45688
-0.55959
-0.52539
-0.83032
-0.84703
-0.86021
-0.64616
-0.53400
-0.77391
-1.07844
-1.02020
-0.97788
-0.73159
-0.91904
-0.55413
-0.70649
-0.79667
-0.63380
-0.61435
-0.76868
-1.22615
-0.44010
-0.77489
-0.20281
-0.63349
-0.91762
-0.71074
-0.38387
-0.49204
-0.81102
-0.86694
-0.39475
-0.59414
-0.66903
-0.68881
-0.64377
-0.37987
-0.60040
-0.58771
-0.22217
-0.45413
-0.46414
-0.37662
-0.21449
-0.52769
-0.31935
-1.00546
-0.35369
-0.27215
-0.33419
-0.00293
-0.27072
-0.09587
-0.43178
-0.55456
0.05928
-0.37756
0.04055
-0.29143
-0.23404
0.27836
-0.10036
-0.10896
-0.37900
0.01090
0.26232
0.20366
0.29876
-0.06804
0.47256
-0.12837
0.11599
0.28629
0.16208
0.27119
0.13331
-0.02408
0.19128
0.23933
0.53834
0.65402
0.27504
0.38731
0.40069
0.28836
0.55797
0.62429
0.66334
0.68295
0.81649
0.59523
0.41722
0.65043
0.61733
0.84227
0.90423
0.62920
0.61632
0.51626
0.79265
0.97777
0.83907
0.85468
0.92624
0.67314
1.00685
1.07404
0.76349
0.49998
0.73043
0.94060
0.94286
0.63835
0.57833
0.88660
1.12628
1.25370
1.21044
1.03886
0.95953
1.32524
0.35151
1.12863
0.99610
0.46303
0.89274
0.63328
1.25460
0.81979
0.57886
0.87831
0.98135
0.48949
0.62276
1.09573
0.61146
0.79224
0.77202
0.64685
0.76697
0.80294
0.69638
0.19638
0.54258
0.31631
0.55749
0.69976
0.30958
0.58585
0.28024
0.33167
0.52435
0.67673
0.04961
0.51347
0.00525
-0.08068
-0.03545
-0.16992
-0.04814
-0.23624
0.22193
0.10736
0.27306
-0.02777
-0.36287
-0.09038
0.15517
-0.03286
-0.30645
-0.25000
-0.32948
